    1  256  256    0.01785
    2   64  512    0.02097
    3   32 1024    0.03728
    4  128  512    0.02385
    5   64  512    0.04031
    6   32   32    0.05518
    7   64  512    0.04167
    8   32   64    0.03195
    9   64  512    0.04430
   10   32  128    0.06115
   12   32   32    0.06169
   14  128   32    0.06464
   15   64  128    0.05408
   16   32  256    0.05288
   18   32  256    0.06795
   20   64  256    0.06832
   21   32   64    0.05380
   24  128   32    0.04543
   25   64 1024    0.04694
   27  128 1024    0.04672
   28  128 1024    0.06830
   30  256 1024    0.07870
   32  128 1024    0.09902
   35  128 1024    0.05516
   36  128  256    0.06961
   40   64 1024    0.04646
   42   32 1024    0.07818
   45   32   64    0.05570
   48   64  512    0.04784
   49  128   64    0.04693
   50   64 1024    0.07158
   54  128   64    0.07092
   56  128  256    0.04557
   60  128  512    0.07929
   63   64   64    0.05532
   64  128  512    0.04091
   70  128  256    0.08020
   72  128  512    0.04711
   75  128 1024    0.05638
   80  256  512    0.04991
   81  128 1024    0.05285
   84  128  512    0.07890
   90  128  128    0.08114
   96   64   64    0.04989
   98   64  128    0.07220
  100   64   64    0.07233
  105  256  512    0.06576
  108  128  128    0.07241
  112  128 1024    0.05036
  120   64  512    0.05725
  125   64 1024    0.05017
  126  128  256    0.08184
  128  128   32    0.04105
  135  128 1024    0.05876
  140  128  128    0.08195
  144  128  128    0.05053
  147  128  128    0.05839
  150  128  512    0.08247
  160  128  128    0.05219
  162  128   32    0.07847
  168  128  128    0.05921
  175  128  512    0.06088
  180  128   32    0.08306
  189  256   32    0.06123
  192  128  128    0.05341
  196  256   32    0.07502
  200  128   32    0.05154
  210  512   32    0.09472
  216  256   32    0.05152
  224  256   64    0.05381
  225  128   64    0.06209
  240  128   32    0.06344
  243  128   32    0.06244
  245  128   32    0.06269
  250  128   32    0.07958
  252  128   32    0.08579
  256  128   32    0.05217
  270  128   64    0.08731
  280  128   64    0.06387
  288  128   64    0.05553
  294  128   64    0.08715
  300  128   64    0.08746
  315  128   64    0.07522
  320  128   64    0.05720
  324  256   32    0.08094
  336  128   64    0.06803
  343  128   64    0.05970
  350  128   32    0.09077
  360  128   64    0.06723
  375  128   64    0.06853
  378  256   64    0.09174
  384  128   64    0.05799
  392  256   32    0.05837
  400  128   32    0.06070
  405  128   32    0.06973
  420  256   64    0.10238
  432  128   32    0.06207
  441  128   64    0.06805
  448  128   32    0.06852
  450  128   64    0.09297
  480  128   32    0.08086
  486  256   32    0.08949
  490  128   64    0.09273
  500  256   64    0.08548
  504  128   32    0.08047
  512  256   32    0.06233
  525  256   32    0.08527
  540  256   64    0.09503
  560  128   32    0.08403
  567  128   32    0.07930
  576  256   32    0.07188
  588  128   64    0.09763
  600  128   64    0.08486
  625  128   64    0.07182
  630  128   32    0.11042
  640  128   64    0.07084
  648  128   64    0.07805
  672  128   32    0.08768
  675  128   32    0.07750
  686  128   64    0.09817
  700  128   32    0.10079
  720  128   32    0.08738
  729  128   64    0.07692
  735  128   32    0.09465
  750  128   32    0.10611
  756  128   64    0.10120
  768  128   32    0.07888
  784  128   64    0.07790
  800  128   32    0.07992
  810  128   64    0.10753
  840  128   64    0.10688
  864  128   32    0.08077
  875  128   32    0.10078
  882  128   32    0.10691
  896   64   64    0.08384
  900  128   32    0.10698
  945   64   64    0.11273
  960   64   32    0.10441
  972   64   64    0.10874
  980   64   64    0.10974
 1000  128   32    0.09645
 1008   64   32    0.10616
 1024   64   64    0.10224
 1029  128   64    0.10967
 1050   64   64    0.12909
 1080   64   64    0.10929
 1120   64   32    0.11166
 1125   64   64    0.10946
 1134  128   32    0.12073
 1152   64   32    0.08973
 1176  128   32    0.11801
 1200   64   32    0.12038
 1215  128   64    0.12025
 1225  128   32    0.11538
 1250  128   32    0.11720
 1260   64   64    0.13465
 1280  128   32    0.10619
 1296  128   64    0.11021
 1323  128   32    0.11511
 1344   64   32    0.12635
 1350  128   32    0.12735
 1372  128   32    0.12310
 1400   64   32    0.13200
 1440   64   32    0.13166
 1458  128   32    0.12589
 1470  128   64    0.15202
 1500   32   32    0.14254
 1512   64   32    0.13420
 1536  128   64    0.12521
 1568   64   32    0.12407
 1575  128   32    0.14309
 1600  128   32    0.12121
 1620   32   32    0.14182
 1680   32   32    0.16592
 1701   32   32    0.14663
 1715   32   32    0.14414
 1728  128   32    0.12747
 1750  128   32    0.19054
 1764   32   32    0.18827
 1792   32   32    0.14424
 1800   32   32    0.16339
 1875   32   32    0.17264
 1890   32   64    0.22294
 1920   32   32    0.16969
 1944   32   32    0.16460
 1960   32   64    0.17781
 2000   32   32    0.16455
 2016   32   32    0.18449
 2025   32   32    0.16822
 2048   32   32    0.23432
 2058   32   32    0.22424
 2100   32   32    0.25069
 2160   32   32    0.20604
 2187   32   32    0.17756
 2205   32   32    0.21750
 2240   32   32    0.21469
 2250   32   32    0.23243
 2268   32   32    0.22788
 2304   32   32    0.17575
 2352   32   32    0.22522
 2400   32   32    0.24180
 2401   32   32    0.19683
 2430  128   32    0.24266
 2450  128   32    0.24585
 2500   32   32    0.24113
 2520   32   32    0.26947
 2560   32   64    0.20335
 2592   32   32    0.20612
 2625   32   32    0.29140
 2646  128   32    0.25947
 2688  128   64    0.27243
 2700   32   32    0.26539
 2744   32   32    0.23488
 2800  128   32    0.28928
 2835  128   32    0.32234
 2880  128   32    0.30338
 2916   32   32    0.27238
 2940   32   32    0.37044
 3000  128   64    0.33006
 3024   32   32    0.32341
 3072  128   32    0.29977
 3087  128   32    0.30005
 3125  128   32    0.28133
 3136   32   32    0.25874
 3150  128   32    0.39120
 3200  128   32    0.25599
 3240  128   64    0.36052
 3360  512   32    0.42524
 3375  128   32    0.31812
 3402   32   64    0.34157
 3430  128   32    0.35983
 3456  128   32    0.28765
 3500  128   32    0.37012
 3528  128   64    0.40429
 3584  128   32    0.33004
 3600   64   64    0.42002
 3645  128   32    0.36362
 3675  128   32    0.45952
 3750  128   32    0.44215
 3780  128   32    0.51429
 3840  128   64    0.47167
 3888  128  128    0.36586
 3920  128   64    0.47695
 3969  128   64    0.38683
 4000  128   32    0.38113
 4032  128   64    0.48445
 4050  128   64    0.44213
 4096  128   64    0.43665
 4116  128   64    0.48537
 4200  128   64    0.58802
 4320  128   32    0.53203
 4374  128   64    0.48132
 4375  128   32    0.46457
 4410  256   32    0.60765
 4480  128  128    0.55869
 4500  256   32    0.51726
 4536  128   64    0.55757
 4608   64   64    0.46913
 4704  128   64    0.59426
 4725  128   32    0.61380
 4800  512   32    0.61281
 4802  256   32    0.52361
 4860  256   64    0.56613
 4900  128   32    0.55099
 5000  256   32    0.51567
 5040  128   64    0.73877
 5103  256   32    0.55592
 5120  128   64    0.58018
 5145  128   64    0.69457
 5184  128  128    0.52197
 5250  128   64    0.73459
 5292  512  128    0.59546
 5376  128  128    0.69769
 5400  128   64    0.67325
 5488   64  128    0.56793
 5600  256  128    0.71466
 5625  128   32    0.62749
 5670  256  128    0.80479
 5760  128   32    0.73810
 5832   64  128    0.60836
 5880   64   64    0.87316
 6000  128   32    0.78069
 6048  128  128    0.77034
 6075  256  128    0.65906
 6125  128   32    0.65841
 6144   64  128    0.77481
 6174  256  128    0.72746
 6250  256  128    0.72642
 6272  128   64    0.64160
 6300   64   32    0.89850
 6400  128  128    0.66807
 6480  512   64    0.83556
 6561  256   64    0.70183
 6615   64   64    0.87074
 6720  256  128    1.02105
 6750  512  128    0.77091
 6804   64  128    0.80308
 6860   32   64    0.81894
 6912  128  128    0.72036
 7000  128  256    0.89732
 7056  512  128    0.90220
 7168  512   64    0.82459
 7200  128  256    0.92347
 7203   32  128    0.95146
 7290   64  128    0.86706
 7350  128   32    1.03823
 7500  512   64    0.92248
 7560  512   64    1.13733
 7680  128   32    1.01853
 7776  256   32    0.81528
 7840   64   64    1.01686
 7875  128   64    1.04762
 7938  512  256    0.91010
 8000   64   64    0.84686
 8064   64   64    1.04075
 8100   64   32    0.94093
 8192  512  128    0.85161
 8232  128   64    1.07683
 8400  512   64    1.28132
 8505  128   64    1.13766
 8575   32  128    0.94235
 8640  128   32    1.11076
 8748  256   64    1.00537
 8750  256   64    1.03548
 8820  256  128    1.23376
 8960   64   32    1.18435
 9000   64   32    1.16181
 9072  512   64    1.16247
 9216   32  256    1.05392
 9261  128   64    1.01490
 9375  256  128    1.24945
 9408  512   64    1.21686
 9450   32   32    1.30411
 9600   32  128    1.25768
 9604   64  128    1.09137
 9720  128   32    1.26987
 9800   64   64    1.25303
10000  512  256    1.06676
10080  512   32    1.53445
10125   64   32    1.09722
10206  128  128    1.20134
10240  512   32    1.23672
10290   32  256    1.45446
10368  512  128    1.08889
10500   64   64    1.48323
10584   32   32    1.33910
10752   32  128    1.42033
10800   32  256    1.37728
10935  256   32    1.43615
10976  128   32    1.15924
11025   32   32    1.44823
11200 1024  256    1.44630
11250  128   64    1.32358
11340   32   32    1.56940
11520  128   32    1.50317
11664   64  128    1.25232
11760  128   64    1.79579
11907   32  256    1.27900
12000  512   32    1.56683
12005   32   32    1.57511
12096   32   32    1.55391
12150  512   64    1.38056
12250   32   32    1.39176
12288  512   32    1.46954
12348   64  512    1.43008
12500 1024   32    1.42867
12544   64  128    1.32437
12600 1024  512    1.90701
12800   64   64    1.36693
12960 1024   32    1.66385
13122   32  128    1.47200
13125   32   64    1.76992
13230   64   64    1.79209
13440 1024   64    2.06331
13500  128   64    1.51905
13608   32   64    1.73690
13720  512   64    1.82236
13824   32   64    1.46395
14000 1024  128    1.79911
14112   64   32    1.80178
14175   64   32    1.85789
14336 1024  256    1.69234
14400   32   64    1.85014
14406  512   32    1.95458
14580  256   32    1.68447
14700 1024  128    2.01326
15000 1024   32    1.96844
15120 1024  256    2.29002
15309   32  128    1.99264
15360   64  512    2.07868
15435  128   64    2.04636
15552 1024  256    1.63469
15625   32  512    1.69674
15680   32  256    2.04292
15750   32   64    2.14171
15876  512   32    1.76739
16000 1024  256    1.68960
16128   32  256    2.08255
16200   32   32    2.05649
16384 1024  128    1.70774
16464  128  128    2.14098
16800 1024   64    2.56064
16807   32   64    1.82134
16875  128  256    1.85182
17010  512   32    2.32308
17150   32  256    1.93636
17280   32  512    2.22613
17496 1024  128    2.20890
17500 1024  128    2.01329
17640 1024   64    2.66160
17920  512  128    2.38590
18000 1024   64    2.30422
18144 1024   64    2.30627
18225  128  512    2.00938
18375   32   32    2.41258
18432 1024  256    2.13465
18522   32  256    2.07396
18750   64   64    2.53891
18816 1024  256    2.43438
18900 1024  128    2.54337
19200  512   32    2.51372
19208  512  256    2.44422
19440 1024   64    2.52584
19600 1024  256    2.49222
19683   32  256    2.09438
19845   32  512    2.58013
20000 1024  128    2.11085
20160 1024   32    3.06238
20250  512  512    2.25092
20412 1024  512    2.31028
20480 1024  512    2.34023
20580 1024   32    2.80878
20736 1024   64    2.17874
21000 1024  512    3.21274
21168 1024  512    2.66955
21504   32   32    2.87066
21600 1024   64    2.73063
21609   32  256    2.79236
21870   32  512    2.91158
21875   64  256    2.85166
21952 1024  512    2.31101
22050   64   64    2.93521
22400 1024   32    2.88630
22500 1024  128    2.58018
22680 1024  128    3.42408
23040 1024  512    2.98409
23328 1024  512    2.43778
23520 1024   64    3.55284
23625   32   32    3.07209
23814  512   32    2.60746
24000 1024   32    3.11107
24010   32   64    3.19155
24192   32  512    3.10683
24300 1024  128    2.67096
24500  512  256    2.70075
24576 1024   64    2.95060
24696  512  512    3.15774
25000 1024   64    3.18322
25088 1024  128    2.64576
25200 1024   64    3.78744
25515   32   32    3.34605
25600 1024   64    2.76900
25725  128   32    3.38360
25920   32   32    3.31261
26244 1024   64    2.85787
26250   32  128    3.55968
26460   32  512    3.50349
26880 1024   32    4.10441
27000 1024  256    3.41394
27216 1024   64    3.44390
27440 1024   64    3.59950
27648 1024  512    2.98708
27783   32   32    2.97054
28000 1024   64    3.56466
28125   64   32    3.66712
28224   64   64    3.59726
28350  512  512    3.74261
28672 1024 1024    3.24861
28800 1024  256    3.69683
28812 1024   32    3.80438
29160 1024   64    3.80252
29400 1024  512    4.41753
30000 1024  128    3.89979
30240 1024 1024    4.53724
30375   32   32    3.23636
30618  512 1024    4.03080
30625   64  512    3.29363
30720 1024  512    4.16160
30870   32  256    4.12405
31104 1024  128    3.24866
31250   32   32    3.49087
31360 1024   32    4.03901
31500 1024  512    4.19622
31752 1024 1024    3.98425
32000 1024 1024    3.39831
32256 1024 1024    4.15069
32400 1024   64    4.08534
32768 1024  128    3.42431
