 1024   64   64    0.99674
 1029   64  128    1.28499
 1050   64  128    1.45609
 1080   64  256    1.27409
 1120   64   32    1.34465
 1125   64   32    1.34477
 1134  512  512    1.36255
 1152   64  256    1.36614
 1176   64   64    1.39103
 1200   64  256    1.42183
 1215   64  256    1.46986
 1225   64  256    1.46571
 1250  256  128    1.47768
 1260   64   32    1.76451
 1280   64  256    1.52278
 1296   64   64    1.28138
 1323   64  128    1.59330
 1344   64  128    1.76376
 1350   64  512    1.61269
 1372   64   64    1.39121
 1400   64   64    1.65193
 1440   64  128    1.73347
 1458   64  256    1.74727
 1470   64  256    2.04987
 1500   64  128    1.78745
 1512   64  256    1.80571
 1536   64  256    1.80949
 1568   64  128    1.56108
 1575   64  128    2.15323
 1600   64  256    1.59987
 1620   64   32    1.91933
 1680   64  128    2.33450
 1701   64  512    2.03581
 1715   64  512    2.15265
 1728   64   64    1.72894
 1750   64  128    2.07875
 1764   64  128    2.09022
 1792   64   64    2.11279
 1800   64   32    2.13263
 1875   64  512    2.49818
 1890   64  256    2.63332
 1920   64   64    2.29686
 1944   64  128    1.88083
 1960   64  512    2.32153
 2000   64  256    1.97527
 2016   64  256    2.42148
 2025   64  128    2.44303
 2048   64   64    1.99952
 2058   64   32    2.50025
 2100   64  128    2.93394
 2160   64   64    2.55659
 2187   64  128    2.65112
 2205   64   64    2.97417
 2240   64   64    2.68938
 2250   64  128    2.67813
 2268   64   32    2.68678
 2304   64  128    2.72437
 2352   64   32    2.77213
 2400   64   64    2.86628
 2401   64  128    2.86471
 2430   64  128    2.88335
 2450   64   32    2.86137
 2500   64   32    2.95758
 2520   64  256    3.53318
 2560   64  256    3.04503
 2592   64  256    2.57429
 2625   64  128    3.60815
 2646   64   32    3.10094
 2688   64   32    3.21699
 2700   64   64    3.18118
 2744   64   32    2.79700
 2800   64   32    3.30533
 2835   64  128    3.91792
 2880   64  128    3.46125
 2916   64  256    3.47986
 2940   64   32    4.10698
 3000   64   64    3.53964
 3024   64  128    3.57134
 3072   64   32    3.61672
 3087   64  256    3.85115
 3125   64   32    3.70329
 3136   64   32    3.10798
 3150   64   64    4.39229
 3200   64   64    3.76511
 3240   64   64    3.82444
 3360   64   64    4.65657
 3375   64  256    3.97726
 3402   64  128    4.00500
 3430   64   64    4.26890
 3456   64   64    4.04183
 3500   64   64    4.13820
 3528   64   32    4.16727
 3584   64   32    4.22036
 3600   64  128    4.26156
 3645   64  128    5.03515
 3675  256   32    4.96564
 3750   64  128    5.21321
 3780   64  128    5.27214
 3840   64   64    4.90080
 3888   64   32    3.80559
 3920   64  128    4.62834
 3969   64 1024    4.70060
 4000   64 1024    3.95140
 4032   64  128    4.83900
 4050   64   64    4.83163
 4096   64  128    3.95395
 4116   64  128    5.04987
 4200   64   64    5.84806
 4320   64  128    5.16585
 4374   64 1024    5.23963
 4375   64  256    6.02038
 4410   64  512    6.16910
 4480   64  512    5.36391
 4500   64  128    5.32818
 4536   64  256    5.37115
 4608   64  512    5.46529
 4704   64 1024    5.59272
 4725   64  512    6.61836
 4800   64 1024    5.76424
 4802   64 1024    5.61782
 4860   64 1024    5.72127
 4900   64 1024    5.74115
 5000   64 1024    5.87572
 5040   64   64    7.04036
 5103   64 1024    7.16548
 5120   64 1024    6.10920
 5145   64  256    8.14525
 5184   64  256    5.12297
 5250   64   32    7.29949
 5292   64 1024    6.22886
 5376   64  128    6.74454
 5400   64 1024    6.35031
 5488   64  256    5.71401
 5600   64 1024    6.76200
 5625   64 1024    7.83413
 5670   64 1024    7.85458
 5760   64 1024    6.89923
 5832   64 1024    6.87121
 5880   64 1024    8.25221
 6000   64 1024    7.14772
 6048   64 1024    7.31800
 6075   64 1024    7.14950
 6125   64 1024    7.23530
 6144   64  256    7.24097
 6174   64 1024    7.65971
 6250   64 1024    7.37747
 6272   64 1024    7.36145
 6300   64 1024    8.79615
 6400   64 1024    7.52552
 6480   64 1024    7.66161
 6561   64 1024    7.84023
 6615   64  128    9.07502
 6720   64 1024    9.27603
 6750   64 1024    7.95662
 6804   64 1024    7.97686
 6860   64 1024    8.65228
 6912   64 1024    8.12774
 7000   64 1024    8.24319
 7056   64 1024    8.36757
 7168   64 1024    8.40949
 7200   64 1024    8.73912
 7203   64 1024    9.75880
 7290   64 1024   10.16506
 7350   64  512   10.22094
 7500   64 1024   10.47275
 7560   64 1024   10.56727
 7680   64 1024   12.31911
 7776   64   32    7.55003
 7840   64 1024    9.36954
 7875   64 1024   10.93101
 7938   64 1024    9.51254
 8000   64  256    7.89740
 8064   64 1024    9.65311
 8100   64 1024    9.50017
 8192   64   32    7.89073
 8232   64 1024   10.23638
 8400   64 1024   11.62842
 8505   64  256   11.84858
 8575   64 1024   10.58625
 8640   64  512   10.40645
 8748   64 1024   10.35255
 8750   64 1024   12.22478
 8820   64 1024   12.41827
 8960   64 1024   11.17547
 9000   64 1024   10.64732
 9072   64  512   10.76301
 9216   64 1024   11.07858
 9261   64 1024   11.40619
 9375   64  128   13.11849
 9408   64  512   11.25449
 9450   64 1024   13.12819
 9600   64   32   11.44806
 9604   64 1024   11.34249
 9720   64 1024   11.49848
 9800   64 1024   11.52656
10000   64 1024   11.77174
10080   64 1024   14.06693
10125   64  512   12.08543
10206   64 1024   14.16175
10240   64 1024   12.59858
10290   64   32   17.67795
10368   64   32   12.10400
10500   64   32   14.69217
10584   64 1024   12.47757
10752   64   32   14.01373
10800   64   32   12.75875
10935   64   32   15.39306
10976   64 1024   11.40573
11025   64   32   15.38082
11200   64   32   13.49726
11250   64   32   15.71870
11340   64   32   15.78659
11520   64   32   15.15281
11664   64   32   13.86969
11760   64   32   16.75319
11907   64   32   13.99814
12000   64   32   14.41040
12005   64  128   16.63837
12096   64   32   14.58529
12150   64   32   14.24296
12250   64   32   14.42233
12288   64   32   14.82293
12348   64   32   15.57087
12500   64   32   14.78185
12544   64   32   14.71493
12600   64   32   17.63914
12800   64   32   15.13319
12960   64   32   15.65793
13122   64  256   15.54494
13125   64   32   21.05639
13230   64   32   18.42267
13440   64   32   18.58023
13500   64   32   15.96898
13608   64   32   15.94866
13720   64  128   17.86603
13824   64   32   16.32050
14000   64  256   16.67636
14112   64   32   16.95633
14175   64  256   20.10514
14336   64   32   16.97895
14400   64   32   17.43287
14406   64   32   20.04140
14580   64  128   20.48200
14700   64   32   20.50193
15000   64   32   21.00105
15120   64   32   21.12978
15309   64  256   21.49548
15360   64   32   23.18612
15435   64  512   24.75051
15552   64   64   15.06360
15625   64   32   18.60338
15680   64   32   18.73553
15750   64   32   22.15845
15876   64   32   18.67578
16000   64   32   18.78548
16128   64   32   20.32040
16200   64   32   19.15474
16384   64   32   19.21693
16464   64   32   21.41349
16800   64   32   23.26643
16807   64 1024   20.68103
16875   64  256   23.52709
17010   64   32   23.51441
17150   64  256   21.12016
17280   64   32   20.66361
17496   64   64   20.78805
17500   64   32   24.42207
17640   64   32   25.20241
17920   64   64   23.81949
18000   64   32   21.86142
18144   64   32   21.86326
18225   64   32   25.51414
18375   64   64   25.84012
18432   64   32   22.62691
18522   64   32   22.75823
18750   64   32   26.43159
18816   64 1024   22.40612
18900   64   32   26.35575
19200   64 1024   25.27622
19208   64  256   22.71955
19440   64   32   23.42059
19600   64   32   23.08794
19683   64 1024   23.12021
19845   64  128   27.88910
20000   64  512   24.21128
20160   64  256   28.13833
20250   64  256   24.17960
20412   64   32   28.46287
20480   64   32   24.77820
20580   64   32   37.37975
20736   64   32   24.39248
21000   64   32   29.48430
21168   64  256   25.12985
21504   64   32   29.82250
21600   64   32   26.19174
21609   64  512   30.14928
21870   64   32   30.70765
21875   64  128   30.47336
21952   64  512   22.80422
22050   64   32   30.83442
22400   64  128   26.83075
22500   64 1024   31.65696
22680   64   32   31.74027
23040   64 1024   37.90499
23328   64   32   28.47715
23520   64   32   33.48122
23625   64 1024   32.88523
23814   64   32   27.72288
24000   64   32   28.83583
24010   64   32   33.56432
24192   64 1024   29.01524
24300   64   32   28.56640
24500   64   32   28.92307
24576   64   64   29.74484
24696   64   32   31.88870
25000   64   32   29.74304
25088   64   32   29.56836
25200   64  512   35.35879
25515   64  128   40.97903
25600   64  256   30.45931
25725   64   32   40.47485
25920   64   32   31.41389
26244   64  128   31.03337
26250   64   32   42.14030
26460   64   32   37.15455
26880   64   32   43.95127
27000   64   32   32.22379
27216   64   64   32.55696
27440   64  256   39.35320
27648   64   32   33.14618
27783   64   32   34.67464
28000   64   32   33.64053
28125   64 1024   40.97724
28224   64  128   34.03365
28350   64   32   39.34222
28672   64   32   33.87676
28800   64   32   34.85317
28812   64   64   40.19509
29160   64   32   41.46349
29400   64   32   41.24386
30000   64   32   42.50432
30240   64   32   42.23497
30375   64   32   35.95468
30618   64   32   42.45569
30625   64   32   42.79179
30720   64   32   48.52692
30870   64   32   55.08449
31104   64   32   36.26181
31250   64   32   37.22852
31360   64   32   37.74229
31500   64  512   44.57699
31752   64   32   37.47494
32000   64   32   37.84965
32256   64   32   41.62350
32400   64   32   38.43236
32768   64   32   38.51000
