 1024   32  128    0.17094
 1029   32  256    0.22321
 1050   32   32    0.25951
 1080   32  128    0.23000
 1120   32  512    0.24210
 1125   32  128    0.21487
 1134   32  128    0.24078
 1152   32  256    0.21499
 1176   32   32    0.25543
 1200   32   32    0.25985
 1215   32   32    0.25731
 1225   32   64    0.24479
 1250   32  128    0.23684
 1260   32   32    0.32009
 1280   32   32    0.23464
 1296   32   32    0.22952
 1323   32 1024    0.29040
 1344   32   32    0.30874
 1350   32  256    0.29599
 1372   32  128    0.26453
 1400   32   32    0.31364
 1440   32   32    0.32441
 1458   32  256    0.28017
 1470   32   64    0.38140
 1500   32   64    0.33594
 1512   32  256    0.33631
 1536   32  256    0.31558
 1568   32   64    0.28895
 1575   32  256    0.40362
 1600   32   64    0.29784
 1620   32  128    0.36261
 1680   32  128    0.44612
 1701   32 1024    0.39362
 1715   32   32    0.40161
 1728   32  256    0.32190
 1750   32  128    0.38683
 1764   32   32    0.39621
 1792   32  128    0.34238
 1800   32   64    0.40496
 1875   64   64    0.43189
 1890   32  256    0.49455
 1920   32  256    0.43579
 1944   32   64    0.38517
 1960   32   32    0.44009
 2000   32  128    0.36867
 2016   32   64    0.45466
 2025   32  256    0.43485
 2048   32   64    0.36546
 2058   32  128    0.49163
 2100   32  128    0.55580
 2160   32   64    0.48331
 2187   32  128    0.48346
 2205   64   32    0.56906
 2240   32   64    0.51200
 2250   32   64    0.50371
 2268   32  128    0.50940
 2304  256   64    0.44949
 2352   32   32    0.53178
 2400   32   32    0.53888
 2401   32   32    0.51919
 2430   32   32    0.56934
 2450   32  256    0.54390
 2500   32  512    0.48852
 2520   32  256    0.66311
 2560   32  128    0.49510
 2592   32  256    0.47661
 2625   32  256    0.68397
 2646   32   32    0.58488
 2688   32   32    0.61492
 2700   32  128    0.59736
 2744   32  128    0.53465
 2800   32   64    0.62643
 2835  128  256    0.74365
 2880   32  128    0.65006
 2916  256 1024    0.57537
 2940   32  128    0.77607
 3000   32   64    0.67364
 3024   32   64    0.67970
 3072   32  128    0.68818
 3087   32  128    0.71725
 3125  256   32    0.68486
 3136   32   64    0.57327
 3150   32   32    0.82745
 3200   32  128    0.58266
 3240   32  256    0.72367
 3360   32   32    0.88540
 3375   32  512    0.73304
 3402   32   64    0.78444
 3430   32   64    0.79249
 3456   32  256    0.63179
 3500   32   32    0.77673
 3528   32  128    0.78483
 3584   32 1024    0.68736
 3600   32  256    0.79795
 3645   64   64    0.86059
 3675  256  512    0.96940
 3750   32 1024    0.88896
 3780   32  256    0.98426
 3840   32   64    0.87797
 3888   32   32    0.75304
 3920   32   32    0.86584
 3969   32   64    0.86278
 4000   32   64    0.72302
 4032   32   32    0.90095
 4050   32   64    0.89378
 4096   32   64    0.72331
 4116   32  256    0.94769
 4200   32  256    1.11592
 4320   32  128    0.96654
 4374   32   32    0.95528
 4375   32  512    1.01589
 4410   32  256    1.14627
 4480   32  128    1.00296
 4500   32  256    0.99464
 4536   32   64    1.00173
 4608   32  256    0.87701
 4704   32   32    1.04962
 4725   32  256    1.23965
 4800   32  256    1.07215
 4802   32  128    1.05634
 4860   32   64    1.08729
 4900   32   32    1.08206
 5000   32   32    0.96381
 5040   32   64    1.30719
 5103   32  128    1.20503
 5120   32   64    1.12387
 5145   32  256    1.38135
 5184   32  128    0.93891
 5250   32   32    1.37050
 5292   32  128    1.16282
 5376   32   64    1.21850
 5400   32   32    1.18943
 5488   32   64    1.03709
 5600   32  256    1.22687
 5625   32   32    1.33967
 5670   32  256    1.47366
 5760   32  128    1.27658
 5832   32   32    1.13993
 5880   32  128    1.52860
 6000   32   32    1.33036
 6048   32  128    1.33032
 6075   32  256    1.37308
 6125   32  128    1.36830
 6144   32   32    1.35863
 6174   32  128    1.41158
 6250   32   32    1.39495
 6272   32   32    1.14695
 6300   32   32    1.63133
 6400   32  128    1.16698
 6480   32   32    1.41323
 6561   32   64    1.48407
 6615   32 1024    1.74132
 6720   32   64    1.74839
 6750   32  128    1.48570
 6804   32  256    1.51070
 6860   32   32    1.56054
 6912   32  128    1.25870
 7000   32  128    1.53115
 7056   32  128    1.54460
 7168   32   32    1.56837
 7200   32   64    1.57279
 7203   32   32    1.87069
 7290   32  128    1.71553
 7350   32  128    1.89852
 7500   32  512    1.81320
 7560   32   64    1.93892
 7680   32   64    1.72155
 7776   32  128    1.45852
 7840   32  256    1.71569
 7875   32  128    2.06806
 7938   32  256    1.72325
 8000   32   32    1.42484
 8064   32  128    1.77189
 8100   32   64    1.75471
 8192   32   32    1.43803
 8232   32   64    1.82829
 8400   32  128    2.18327
 8505   32   32    2.24777
 8575   32  256    2.06012
 8640   32   64    1.89447
 8748   32  256    1.89090
 8750   32   64    2.06017
 8820   32   64    2.26294
 8960   32  128    1.99443
 9000   32   64    1.96494
 9072   32  256    1.97032
 9216   32  256    1.99777
 9261   32  128    2.15146
 9375   32  128    2.45468
 9408   32  128    2.09761
 9450   32  256    2.43483
 9600   32   64    2.10727
 9604   32  256    2.13255
 9720   32  256    2.12275
 9800   32   64    2.12672
10000   32  256    1.89974
10080   32   64    2.57324
10125   32  512    2.24788
10206   32  128    2.42574
10240   32   64    2.21753
10290   32  256    2.81687
10368   32   64    1.85831
10500   32   64    2.70464
10584   32   32    2.28525
10752   32   64    2.46256
10800   32   32    2.33444
10935   32   64    2.84483
10976   32   64    2.04085
11025   32  256    2.99362
11200   32   64    2.43059
11250   32  128    2.67157
11340   32   32    2.89156
11520   32   64    2.53220
11664   32   64    2.24721
11760   32   64    3.02642
11907   32  256    2.64057
12000   32  128    2.60570
12005   32  128    3.11250
12096   32   64    2.64365
12150   32  128    2.69683
12250   32   32    2.65810
12288   32   64    2.67540
12348   32   64    2.76405
12500   32   32    2.73190
12544   32   32    2.24773
12600   32   64    3.24611
12800   32   32    2.31857
12960   32  256    2.79781
13122   32   32    2.83401
13125   32   32    3.75447
13230   32   32    3.38067
13440   32   32    3.50325
13500   32   64    2.92268
13608   32  128    3.02698
13720   32  512    3.06581
13824   32  128    2.52291
14000   32   64    3.03392
14112   32   32    3.05514
14175   32  512    3.69026
14336   32  512    3.08001
14400   32  512    3.10747
14406   32  256    3.67959
14580   32  128    3.44806
14700   32  256    3.75628
15000   32  512    3.56744
15120   32   32    3.84864
15309   32  256    4.02738
15360   32  512    3.91941
15435   32   32    4.15731
15552   32  512    2.84889
15625   32  256    3.62474
15680   32  256    3.45107
15750   32  512    4.07554
15876   32  256    3.41486
16000   32  512    2.83324
16128   32  512    3.58656
16200   32  128    3.46971
16384   32  512    2.84927
16464   32  256    3.65079
16800   32  512    4.29049
16807   32  512    3.80256
16875   32 1024    4.21668
17010   32  512    4.39999
17150   32 1024    3.84432
17280   32  512    3.78540
17496   32 1024    3.75552
17500   32  512    4.08811
17640   32  512    4.47831
17920   32  512    3.97615
18000   32  512    3.88259
18144   32  512    3.89884
18225   32  128    4.34090
18375   32   32    4.88265
18432   32  512    3.95921
18522   32  512    4.15802
18750   32  128    4.81628
18816   32  512    4.18013
18900   32 1024    4.86531
19200   32 1024    4.21454
19208   32 1024    4.16083
19440   32  512    4.20267
19600   32 1024    4.20776
19683   32  512    4.57481
19845   32   64    5.25891
20000   32  512    3.76277
20160   32  512    5.13354
20250   32 1024    4.39602
20412   32  128    4.99146
20480   32 1024    4.39133
20580   32 1024    5.56389
20736   32 1024    3.73672
21000   32  128    5.35776
21168   32  512    4.54859
21504   32 1024    5.46532
21600   32 1024    4.65646
21609   32  128    5.68913
21870   32  512    5.57498
21875   32 1024    5.75524
21952   32  512    4.00874
22050   32 1024    5.64660
22400   32 1024    4.83379
22500   32 1024    5.35987
22680   32 1024    5.76959
23040   32  512    5.06136
23328   32  256    4.48664
23520   32 1024    6.00023
23625   32  128    6.29216
23814   32  512    5.18262
24000   32 1024    5.25688
24010   32 1024    6.15761
24192   32 1024    5.32952
24300   32 1024    5.23984
24500   32 1024    5.27544
24576   32 1024    5.31560
24696   32 1024    5.50834
25000   32  512    5.39541
25088   32 1024    4.49420
25200   32 1024    6.50676
25515   32 1024    7.17890
25600   32 1024    5.54941
25725   32  128    7.05413
25920   32  512    5.59009
26244   32 1024    5.58647
26250   32  256    7.37190
26460   32  512    6.71366
26880   32 1024    6.99126
27000   32 1024    5.78992
27216   32 1024    6.10694
27440   32  512    6.10065
27648   32  256    5.90918
27783   32 1024    6.57963
28000   32 1024    6.04448
28125   32   32    7.43416
28224   32  512    6.18756
28350   32 1024    7.27354
28672   32 1024    6.09208
28800   32  512    6.21634
28812   32 1024    7.28789
29160   32  256    6.84800
29400   32 1024    7.50096
30000   32   32    7.06463
30240   32  512    7.68245
30375   32 1024    6.96821
30618   32 1024    7.82194
30625   32  512    7.55287
30720   32  512    7.81626
30870   32 1024    8.36855
31104   32  512    5.69586
31250   32  512    6.91001
31360   32  512    6.86019
31500   32 1024    8.04938
31752   32 1024    6.75402
32000   32 1024    5.81921
32256   32 1024    7.19985
32400   32 1024    6.98455
32768   32 1024    5.68284
