 1024  128   64    1.46142
 1029   32  512    2.33136
 1050   32   64    2.30912
 1080   32  128    1.96903
 1120   32  128    2.16359
 1125   32  128    2.18091
 1134   32  128    2.10234
 1152   32   32    1.79124
 1176   32  128    2.34435
 1200   32  512    2.45313
 1215   32   64    2.44087
 1225   32  128    2.45065
 1250   32  128    2.30338
 1260   32   64    2.58379
 1280   32 1024    2.29927
 1296   32  128    2.19648
 1323   32   32    2.54126
 1344   32  256    2.65364
 1350   32  128    2.51775
 1372   32   64    2.59626
 1400   32   64    2.56532
 1440   32 1024    2.67355
 1458   32   32    2.55105
 1470   32 1024    3.24968
 1500   32  256    3.10397
 1512   32   32    2.64006
 1536   32   64    3.08137
 1568   32   32    2.80214
 1575   32   64    3.18084
 1600   32 1024    2.74605
 1620   32   32    3.03178
 1680   32   32    3.60806
 1701   32  256    3.30120
 1715   32  128    3.53997
 1728   32 1024    2.81734
 1750   32  128    3.40168
 1764   32   32    3.28112
 1792   32  512    3.11682
 1800   32 1024    3.19554
 1875   32   64    3.88290
 1890   32  128    3.69281
 1920   32   32    3.55501
 1944   32  128    3.33550
 1960  512   32    3.66270
 2000   32   32    3.59950
 2016   32 1024    3.60993
 2025   32   32    3.75834
 2048   32   64    2.84756
 2058   32 1024    4.40436
 2100   32   32    4.47927
 2160   32 1024    3.92555
 2187   32  128    3.87073
 2205   32   64    4.47867
 2240   32   32    4.10672
 2250   32   64    4.23794
 2268   32   32    4.06437
 2304   32  128    3.81539
 2352   32  256    4.71996
 2400   32   32    4.80801
 2401   32   64    4.73641
 2430   32   64    4.67410
 2450   32   64    4.74388
 2500   32  128    4.40313
 2520   32   32    4.75437
 2560   32   64    4.74964
 2592   32   64    4.35331
 2625   32   64    5.79803
 2646   32   64    4.91915
 2688   32   64    4.82104
 2700   32   64    4.88863
 2744   32  256    5.01935
 2800   32   64    5.18688
 2835   32  256    5.57151
 2880   32   32    5.08586
 2916   32  128    4.99193
 2940   32  128    6.41035
 3000   32  512    6.00598
 3024   32  256    5.36099
 3072   32   64    5.52861
 3087   32  256    6.05830
 3125   32  128    6.23284
 3136   32  256    5.39038
 3150   32   32    6.10774
 3200   32  256    5.08550
 3240   32   64    5.73170
 3360   32   32    7.12592
 3375   32   32    6.42587
 3402   32  128    6.44964
 3430   32  256    7.00469
 3456   32   32    5.21395
 3500   32   64    6.70903
 3528   32  128    6.27293
 3584   32   64    6.44508
 3600   32   32    6.43658
 3645   32  128    6.89850
 3675   32   32    8.05282
 3750   32   64    7.66840
 3780   32   32    7.32434
 3840   32  128    7.61062
 3888   32  128    6.79637
 3920   32   64    7.49132
 3969   32   64    7.40319
 4000   32   32    7.32539
 4032   32  128    6.94895
 4050   32   32    7.43321
 4096   32   32    5.72941
 4116   32  256    8.67969
 4200   32   32    8.64267
 4320   32  128    7.91019
 4374   32   32    7.67324
 4375   32  256    8.37021
 4410   32  128    8.81237
 4480   32   32    7.62451
 4500   32   32    8.33806
 4536   32  128    7.83983
 4608   32 1024    8.03217
 4704   32  128    9.58368
 4725   32   32    9.24830
 4800   32  128    9.31528
 4802   32  128    9.44966
 4860   32  256    9.31881
 4900   32   32    9.42577
 5000   32  256    8.67674
 5040   32  512    9.60807
 5103   32   64    9.49249
 5120   32  256    8.81195
 5145   32  256   11.79267
 5184   32   32    8.36520
 5250   32   64   11.53264
 5292   32   64    9.77260
 5376   32   64   10.43554
 5400   32   32    9.59563
 5488   32  256   10.23823
 5600   32   64   10.55324
 5625   32   32   10.43977
 5670   32  128   11.12512
 5760   32  128    9.50183
 5832   32  512    9.85439
 5880   32  256   12.54680
 6000   32   64   12.31738
 6048   32  256   10.91180
 6075   32   64   11.86528
 6125   32 1024   12.44919
 6144   32   32   11.45088
 6174   32   64   12.09591
 6250   32  128   12.52031
 6272   32  256   10.23990
 6300   32   64   12.08739
 6400   32  256   11.03630
 6480   32   64   11.74162
 6561   32  256   11.54039
 6615   32 1024   13.46171
 6720   32  128   13.87780
 6750   32  128   13.00401
 6804   32  512   12.85542
 6860   32 1024   13.92871
 6912   32  512   11.49288
 7000   32   32   13.29247
 7056   32   64   12.90842
 7168   32   64   12.15686
 7200   32  128   13.21719
 7203   32   32   16.10555
 7290   32  256   13.93258
 7350   32  128   16.24707
 7500   32  128   15.20997
 7560   32 1024   14.41566
 7680   32  512   16.05637
 7776   32   32   14.09395
 7840   32  128   15.41462
 7875   32   32   15.96547
 7938   32 1024   14.99717
 8000   32  256   14.30777
 8064   32  256   13.11709
 8100   32   64   14.82728
 8192   32  256   11.63668
