 1024   64   32    1.06066
 1029   32   64    1.59365
 1050  256   32    1.73988
 1080   32   32    1.44843
 1120   32  512    1.59796
 1125   32  256    1.55530
 1134   32 1024    1.54036
 1152   32  256    1.32329
 1176   32 1024    1.80228
 1200  256   64    1.83096
 1215   32   32    1.66018
 1225   32   64    1.71714
 1250   32  128    1.78286
 1260   32  256    1.87055
 1280  512   64    1.52751
 1296   32  256    1.61977
 1323   32  256    1.79787
 1344   32 1024    1.98900
 1350   32  128    1.84560
 1372   32 1024    1.85393
 1400  256  256    1.94992
 1440   32   64    1.98697
 1458   32  128    1.94031
 1470   32  256    2.50789
 1500   32  128    2.34222
 1512   32  256    1.99963
 1536   32  256    2.00392
 1568   32   32    2.07296
 1575   32  256    2.24632
 1600   64   32    2.00334
 1620   32   32    2.21766
 1680   32  128    2.76729
 1701   32   64    2.29885
 1715   32  128    2.47733
 1728   32  128    2.04962
 1750   32  128    2.57356
 1764   32  256    2.43477
 1792   32  256    2.14503
 1800   32  128    2.42332
 1875   32   32    2.95326
 1890   32  256    2.84034
 1920   32  128    2.73216
 1944   32   32    2.45162
 1960   32   32    2.84960
 2000   32  128    2.68226
 2016   32  128    2.74113
 2025   32  512    2.65963
 2048   32   32    2.10805
 2058   32  256    3.24077
 2100   32  256    3.42905
 2160   32  512    2.97941
 2187   32   32    2.71515
 2205   32   64    3.28456
 2240   32   64    3.11737
 2250   32  128    3.21179
 2268   32  128    3.05600
 2304   32   64    2.65623
 2352   32   32    3.62727
 2400   32  256    3.68186
 2401   32  256    3.47133
 2430   32   32    3.43104
 2450   32  256    3.62449
 2500   32   32    3.49194
 2520   32  128    3.70034
 2560   32   64    3.13890
 2592   32  128    3.24743
 2625   32   64    4.32717
 2646   32   64    3.75601
 2688   32   32    3.76391
 2700   32   32    3.70936
 2744   32  128    3.63335
 2800   32  512    3.98204
 2835   32  128    4.06961
 2880   32   32    3.86495
 2916   32  256    3.81128
 2940   32   32    4.98333
 3000   32  512    4.65242
 3024   32   64    4.07535
 3072   32  256    4.35919
 3087   32   32    4.21692
 3125   32   64    4.50343
 3136   32  512    4.08657
 3150   32  512    4.74890
 3200   32  128    3.85696
 3240   32  256    4.38768
 3360   32  128    5.58490
 3375   32 1024    4.65915
 3402   32 1024    4.78745
 3430   32  256    5.13681
 3456   32  512    3.95482
 3500   32  512    5.12221
 3528   32   32    4.87057
 3584   32   64    4.43143
 3600   32   64    4.95049
 3645   32  256    5.09264
 3675   32  256    6.05009
 3750   32   64    6.15864
 3780   32   32    5.68812
 3840   32  256    5.52813
 3888   32  128    4.92897
 3920   32  128    5.82754
 3969   32   32    5.34064
 4000   32  512    5.52644
 4032   32  128    5.38129
 4050   32  128    5.61713
 4096   32  128    4.30470
 4116   32  512    6.47528
 4200   32   32    6.86931
 4320   32  512    6.10497
 4374   32   32    5.79880
 4375   32   64    6.41454
 4410   32  128    6.92623
 4480   32   32    5.99167
 4500   32  256    6.43999
 4536   32   32    6.06028
 4608   32   64    5.44931
 4704   32  128    7.47729
 4725   32  512    6.88966
 4800   32   64    7.24314
 4802   32  128    7.35302
 4860   32  128    6.86722
 4900   32 1024    7.29315
 5000   32 1024    6.95551
 5040   32  128    7.58116
 5103   32   32    7.00073
 5120   32  512    6.86785
 5145   32   32    8.57622
 5184   32   32    6.31023
 5250   32   64    9.08263
 5292   32  512    7.54313
 5376   32  512    7.66944
 5400   32 1024    7.43900
 5488   32  256    7.48019
 5600   32  512    8.18166
 5625   32 1024    8.04436
 5670   32  256    8.60615
 5760   32 1024    7.45969
 5832   32   64    7.58740
 5880   32   64    9.95040
 6000   32  512    9.57955
 6048   32  256    8.44712
 6075   32   64    8.25643
 6125   32   32    9.15478
 6144   32 1024    8.92900
 6174   32   32    8.91594
 6250   32   64    9.61955
 6272 1024  128    7.95670
 6300   32   64    9.51195
 6400   32 1024    7.93908
 6480   32   64    9.00476
 6561   32 1024    8.23874
 6615   32  512   10.06428
 6720   32  256   11.01985
 6750   32   64    9.98478
 6804 1024  256    9.55120
 6860   32  128   10.33493
 6912   32   32    8.15225
 7000   32 1024   10.34961
 7056   32   32   10.06734
 7168   32   32    9.54439
 7200   32  512   10.26756
 7203   32   64   12.21799
 7290   32  256   10.90303
 7350   32  512   12.82075
 7500   32   32   12.44181
 7560 1024  256   11.45567
 7680   32 1024   11.41065
 7776   32  128   10.21170
 7840   32 1024   12.04329
 7875   32  256   11.94162
 7938   32  256   11.47438
 8000 1024  128   10.93330
 8064   32  128   10.37966
 8100   32  512   11.33226
 8192   32   32   10.00256
 8232   32   64   12.96445
 8400   32   32   14.13773
 8505   32   32   12.74302
 8575   32  256   12.59721
 8640   32  128   12.07456
 8748   32  256   11.74995
 8750   32 1024   13.71608
 8820 1024 1024   13.94996
 8960   32  128   12.28864
 9000   32  128   13.01734
 9072   32  128   12.51008
 9216   32  128   11.92859
 9261   32   64   13.01635
 9375   32 1024   16.05629
 9408   32 1024   14.76509
 9450   32  128   14.80493
 9600 1024  512   14.20275
 9604 1024  128   14.88295
 9720   32 1024   13.80436
 9800   32   32   14.73825
10000   32   64   14.44716
10080 1024   32   15.69399
10125   32   32   14.25207
10206   32  512   15.12798
10240   32   64   14.32614
10290   32  512   18.21120
10368 1024   32   12.22892
10500   32   32   18.30670
10584   32  128   15.24377
10752   32   64   15.93503
10800   32   32   15.53069
10935   32  512   15.73547
10976   32   64   15.56349
11025   32 1024   16.97421
11200   32 1024   16.23556
11250   32   32   17.24254
11340   32  128   17.43064
11520   32  128   15.37533
11664 1024   32   15.82746
11760   32  512   20.63030
11907   32   32   16.98050
12000   32  128   19.92740
12005   32  256   19.82495
12096   32   64   16.78527
12150   32 1024   17.91276
12250   32 1024   19.68805
12288   32  512   18.53257
12348 1024  256   18.04337
12500 1024 1024   19.54148
12544   32   64   16.38488
12600   32   32   19.26850
12800   32   32   16.63699
12960 1024 1024   18.79637
13122   32 1024   17.83768
13125   32  512   22.88108
13230   32   64   21.67022
13440   32  512   21.64100
13500   32   64   20.21000
13608   32 1024   19.23351
13720 1024  256   20.97941
13824 1024   32   17.13076
14000 1024   32   21.56118
14112 1024  128   21.00577
14175   32  128   21.16144
14336   32   32   20.01399
14400   32   64   20.37609
14406   32   32   26.18111
14580 1024  256   22.17211
14700   32  512   26.04302
15000 1024  512   25.08948
15120 1024  128   23.75224
15309   32 1024   21.84651
15360 1024   64   24.83894
15435   32   64   24.13189
15552   32  512   20.26668
15625   32 1024   24.56050
15680   32  256   23.88232
15750   32   32   25.67283
15876   32   32   23.25789
16000   32  128   21.47746
16128 1024 1024   21.41859
16200   32  256   22.99479
16384 1024 1024   19.51336
16464   32   64   26.90929
16800 1024   32   29.26493
16807   32   32   25.69598
16875   32   32   25.38637
17010   32   32   27.47023
17150   32  256   27.18869
17280   32 1024   23.77661
17496 1024  256   23.78879
17500 1024   32   27.80540
17640 1024  256   28.28321
17920   32   32   25.64216
18000   32   32   27.10271
18144 1024   64   26.20766
18225   32  256   26.79170
18375   32   32   32.69994
18432 1024 1024   24.97539
18522   32   32   28.12742
18750   32  512   34.31101
18816 1024   32   29.03882
18900 1024 1024   30.03096
19200 1024   32   29.23869
19208 1024 1024   30.18162
19440   32   32   28.81431
19600   32  256   30.75148
19683   32  256   26.38956
19845   32 1024   31.16004
20000 1024 1024   30.22382
20160 1024 1024   31.18130
20250   32  512   30.88454
20412   32   32   30.90984
20480 1024  128   29.97056
20580   32   64   37.03957
20736 1024   32   25.37862
21000   32  128   37.15589
21168   32  256   31.89107
21504 1024 1024   34.74377
21600 1024  128   32.50611
21609   32  512   34.74736
21870   32  128   34.13356
21875   32   64   36.30406
21952 1024   32   30.97193
22050   32  128   36.61845
22400 1024   32   32.00274
22500 1024   64   35.06280
22680 1024   32   35.34340
23040 1024 1024   32.28616
23328 1024  128   33.24286
23520   32   64   42.92857
23625   32   32   37.71166
23814   32  256   36.89011
24000 1024  128   39.78341
24010   32 1024   42.56903
24192 1024 1024   32.98233
24300 1024   32   36.43353
24500  512   32   40.22091
24576   32   64   36.91979
24696 1024  512   36.70712
25000 1024  256   39.95724
25088   32   32   34.40760
25200   32  128   40.28144
25515   32  128   40.85891
25600   32  512   36.80806
25725   32  256   45.21558
25920   32  128   37.47338
26244   32  128   36.46771
26250   32  128   48.96580
26460 1024  512   44.10279
26880 1024   32   44.68282
27000 1024  512   41.20233
27216 1024  128   40.24628
27440 1024   32   43.66434
27648   32   64   38.01703
27783   32   32   40.20499
28000 1024  512   45.09803
28125   32   64   45.67133
28224 1024   32   41.82902
28350   32   64   45.88752
28672   32  512   41.89323
28800   32   32   40.29253
28812   32   32   53.15436
29160 1024  128   44.90836
29400   32   32   52.89425
30000 1024  256   52.12540
30240 1024  128   49.58858
30375   32   32   45.86753
30618   32   32   47.59528
30625   32  256   49.33916
30720 1024   32   51.85091
30870   32  128   52.25444
31104 1024  512   40.20109
31250   32  256   53.21493
31360 1024  512   47.31678
31500 1024  256   52.39983
31752 1024  128   47.33316
32000 1024 1024   44.49356
32256   32   64   45.06020
32400 1024 1024   48.12916
32768   32   32   38.43143
