 1024   32  128    0.29445
 1029   32   64    0.37684
 1050   32   64    0.44295
 1080   32  128    0.40003
 1120   32   64    0.41327
 1125   32   64    0.36396
 1134   32   64    0.40747
 1152   32   32    0.33241
 1176   32   64    0.43724
 1200   32   64    0.44376
 1215   32   64    0.40981
 1225   32  128    0.38842
 1250   32   64    0.41460
 1260   32   32    0.52695
 1280   32   32    0.38837
 1296   32  128    0.39534
 1323   32   32    0.41992
 1344   32   32    0.47718
 1350   32   32    0.48743
 1372   32   32    0.45276
 1400   32   64    0.50970
 1440   32   32    0.51756
 1458   32   64    0.46916
 1470   32   32    0.61672
 1500   32   32    0.55701
 1512   32  128    0.54419
 1536   32   64    0.51297
 1568   32   32    0.47392
 1575   32  128    0.59730
 1600   32   64    0.47626
 1620   32   32    0.59320
 1680   32   32    0.70322
 1701   32   64    0.56287
 1715   32   64    0.58238
 1728   32   64    0.51054
 1750   32   64    0.62338
 1764   32   32    0.63428
 1792   32   64    0.53812
 1800   32   32    0.64952
 1875   32  128    0.65042
 1890   32   64    0.77793
 1920   32   32    0.67053
 1944   32   32    0.61910
 1960   32   32    0.70642
 2000   32   32    0.59363
 2016   32   32    0.71383
 2025   32   64    0.63704
 2048   32   64    0.56538
 2058   32   32    0.78128
 2100   32   32    0.88522
 2160   32   64    0.76444
 2187   32   64    0.67501
 2205   32   64    0.80388
 2240   32   32    0.78290
 2250   64  128    0.80207
 2268   32  128    0.81020
 2304   32   32    0.67963
 2352   32   32    0.82505
 2400   32   32    0.85145
 2401   32   32    0.74514
 2430   32   32    0.88342
 2450   32   64    0.85654
 2500   32   32    0.83556
 2520   32   64    1.04655
 2560   32   64    0.81338
 2592   32   64    0.75568
 2625   32   32    0.98241
 2646   32  128    0.91752
 2688   32   64    0.93202
 2700   32  128    0.95193
 2744   32   32    0.86388
 2800   32   32    0.98230
 2835   32   32    1.03739
 2880   32   32    0.99289
 2916   32   64    0.93567
 2940   32  128    1.22095
 3000   32  128    1.07767
 3024   32   32    1.04616
 3072   32   32    1.06116
 3087   32  128    1.00675
 3125   32   32    0.96110
 3136   32   64    0.88856
 3150   32   64    1.27671
 3200   32   64    0.90133
 3240   32   32    1.14580
 3360   32   32    1.36378
 3375   32  128    1.04858
 3402   32   32    1.20002
 3430   32  256    1.25304
 3456   32   32    0.97791
 3500   32   32    1.23677
 3528   32   64    1.23612
 3584   32  128    1.10633
 3600   32   32    1.23669
 3645   32   32    1.19327
 3675   32  128    1.33044
 3750   32   32    1.42470
 3780   32  128    1.55073
 3840   32  256    1.35844
 3888   32   32    1.14308
 3920   32  128    1.33704
 3969   32   32    1.19703
 4000   32   64    1.14124
 4032   32  128    1.38342
 4050   32   32    1.38253
 4096   32   64    1.11261
 4116   32  256    1.52006
 4200   32   64    1.75701
 4320   32   32    1.48649
 4374   32  128    1.48325
 4375   32  256    1.47437
 4410   32  128    1.76682
 4480   32   32    1.52607
 4500   32   32    1.57874
 4536   32  256    1.57945
 4608   32  128    1.39599
 4704   32  256    1.60435
 4725   32   32    1.70235
 4800   32  256    1.64526
 4802   32  256    1.62815
 4860   32   32    1.72213
 4900   32  256    1.71130
 5000   32  128    1.61132
 5040   32   32    2.00449
 5103   32   32    1.64367
 5120   32  128    1.73229
 5145   32   64    1.93726
 5184   32  256    1.43238
 5250   32  256    2.11107
 5292   32   64    1.82408
 5376   32   32    1.89052
 5400   32  256    1.87725
 5488   32  128    1.60905
 5600   32   32    1.89442
 5625   32  128    1.86834
 5670   32   64    2.26471
 5760   32   64    1.94972
 5832   32  256    1.84443
 5880   32   64    2.39053
 6000   32   64    2.05511
 6048   32  256    2.03973
 6075   32  128    1.84834
 6125   32  256    1.83596
 6144   32  256    2.07028
 6174   32   64    2.19841
 6250   32   64    2.17802
 6272   32  256    1.74121
 6300   32  256    2.55803
 6400   32  256    1.82381
 6480   32  256    2.18959
 6561   32  128    1.91091
 6615   32   64    2.35126
 6720   32  256    2.69243
 6750   32  256    2.33255
 6804   32  256    2.38539
 6860   32  512    2.48424
 6912   32   32    1.97021
 7000   32   32    2.43315
 7056   32  256    2.35489
 7168   32  256    2.40239
 7200   32  256    2.42206
 7203   32   64    2.55863
 7290   32   32    2.60306
 7350   32  512    2.92494
 7500   32  128    2.84855
 7560   32  512    3.04840
 7680   32  512    2.74287
 7776   32  512    2.18887
 7840   32  512    2.61693
 7875   32  128    2.82091
 7938   32  512    2.63493
 8000   32  128    2.22963
 8064   32   64    2.71429
 8100   32   64    2.77140
 8192   32  512    2.21407
 8232   32   64    2.94570
 8400   32   64    3.37067
 8505   32  128    3.08411
 8575   32  128    2.67515
 8640   32   32    2.89784
 8748   32   32    2.98804
 8750   32  128    3.23239
 8820   32  512    3.56699
 8960   32  512    3.09961
 9000   32  128    3.09127
 9072   32  512    3.03052
 9216   32  512    3.06609
 9261   32  128    2.84853
 9375   32  256    3.33740
 9408   32   32    3.17419
 9450   32  128    3.75055
 9600   32  512    3.25794
 9604   32  512    3.32565
 9720   32   64    3.38743
 9800   32  128    3.36334
10000   32  128    3.09756
10080   32  256    3.95853
10125   32  512    2.99296
10206   32  256    3.64899
10240   32  512    3.39111
10290   32   32    4.23243
10368   32  128    2.85799
10500   32  512    4.25884
10584   32  512    3.61310
10752   32  512    3.77586
10800   32  512    3.60745
10935   32   64    3.82988
10976   32 1024    3.12921
11025   32  512    3.86031
11200   32  128    3.78761
11250   32  512    4.16113
11340   32  512    4.57224
11520   32  512    3.95912
11664   32  512    3.51670
11760   32  512    4.63016
11907   32  128    3.52539
12000   32   32    4.06945
12005   32  128    4.19957
12096   32  512    4.05146
12150   32  128    4.09151
12250   32  512    4.12316
12288   32  128    4.09191
12348   32  512    4.39603
12500   32 1024    4.31531
12544   32 1024    3.52865
12600   32   32    5.18026
12800   32  512    3.65579
12960   32  512    4.28860
13122   32  512    4.31881
13125   32  128    5.05873
13230   32  128    5.21800
13440   32  512    5.37469
13500   32  512    4.64820
13608   32   32    4.77039
13720   32 1024    4.91994
13824   32   32    3.97632
14000   32   64    4.70537
14112   32 1024    4.65927
14175   32 1024    4.95039
14336   32  512    4.72147
14400   32  256    4.84281
14406   32  512    5.60350
14580   32 1024    5.25540
14700   32  128    5.92699
15000   32  128    5.63575
15120   32  128    5.94556
15309   32   32    5.51516
15360   32   32    6.04762
15435   32 1024    5.57744
15552   32  128    4.28020
15625   32  256    4.70642
15680   32 1024    5.23324
15750   32   32    6.20724
15876   32  512    5.36481
16000   32   64    4.55006
16128   32  128    5.55246
16200   32   64    5.46997
16384   32 1024    4.42220
16464   32 1024    5.69045
16800   32 1024    6.63047
16807   32   32    5.17131
16875   32   64    5.60655
17010   32  256    6.71381
17150   32 1024    5.91526
17280   32  128    5.86909
17496   32   64    5.96730
17500   32   64    6.49368
17640   32   64    7.06350
17920   32 1024    6.25300
18000   32  128    5.98799
18144   32 1024    5.96667
18225   32 1024    5.71080
18375   32   32    6.48168
18432   32   32    6.05052
18522   32   64    6.42410
18750   32  256    7.43087
18816   32  512    6.32255
18900   32 1024    7.61762
19200   32   32    6.56717
19208   32 1024    6.56053
19440   32  512    6.50078
19600   32  128    6.49405
19683   32  256    5.77218
19845   32  256    6.92450
20000   32   64    6.10102
20160   32  512    7.93212
20250   32   64    6.76407
20412   32  256    7.40182
20480   32  128    6.73901
20580   32  128    8.55155
20736   32  256    5.78611
21000   32  128    8.44037
21168   32   64    6.98064
21504   32  128    8.36968
21600   32 1024    7.12029
21609   32  512    7.44928
21870   32   32    8.51082
21875   32  256    7.67374
21952   32  512    6.24047
22050   32  512    8.61581
22400   32 1024    7.52159
22500   32 1024    8.39560
22680   32  256    9.05846
23040   32   32    7.98922
23328   32   64    6.94214
23520   32   32    9.19316
23625   32   64    8.36364
23814   32 1024    7.90207
24000   32   32    8.20897
24010   32  512    9.39430
24192   32   32    8.16023
24300   32   64    8.28368
24500   32 1024    8.33442
24576   32   64    8.17918
24696   32 1024    8.67522
25000   32  128    8.56161
25088   32 1024    7.04450
25200   32   32    9.99290
25515   32  256    9.54335
25600   32 1024    8.49488
25725   32  128    9.32385
25920   32   32    8.65014
26244   32   32    8.79108
26250   32   32   11.09739
26460   32 1024   10.59750
26880   32 1024   10.93175
27000   32  128    9.19588
27216   32 1024    9.25190
27440   32  256    9.59728
27648   32   32    9.04043
27783   32  512    8.41873
28000   32   32    9.31883
28125   32 1024    9.84822
28224   32   32    9.43379
28350   32   64   11.14672
28672   32   32    9.33144
28800   32   32    9.73260
28812   32  128   11.42745
29160   32   32   10.68187
29400   32   32   11.81444
30000   32  128   11.02995
30240   32   32   11.74825
30375   32   32    9.06559
30618   32   32   11.91294
30625   32   32    9.94413
30720   32   32   12.13687
30870   32  128   12.51445
31104   32   32    8.62885
31250   32   32   10.63384
31360   32   32   10.67281
31500   32  128   12.65974
31752   32   32   10.63707
32000   32   32    8.99274
32256   32   32   11.28047
32400   32   32   10.68205
32768   32   32    8.94070
